Total Training Time: 467.13370990753174 seconds
              precision    recall  f1-score   support

           一       0.99      0.99      0.99       548
           七       0.00      0.00      0.00        89
           三       0.97      0.14      0.25       218
           上       0.96      0.38      0.54       278
           下       1.00      0.15      0.26       167
           不       1.00      0.04      0.07        78
           世       0.82      0.69      0.74       162
           中       0.66      0.80      0.72       248
           之       0.43      0.73      0.54       154
           也       0.98      0.43      0.60       288
           事       1.00      0.00      0.00       483
           二       0.71      0.94      0.81       186
           云       0.76      0.92      0.83       487
           五       1.00      0.07      0.13       167
           京       0.53      0.58      0.56        69
           人       0.99      0.59      0.74       493
           今       0.65      0.67      0.66       182
           仕       0.43      0.96      0.59       141
           付       0.00      0.00      0.00        96
           何       1.00      0.04      0.08       211
           作       0.00      0.00      0.00        62
           來       0.41      0.29      0.34        78
           候       0.57      0.79      0.66       209
           入       0.92      0.85      0.88       391
           八       0.90      0.88      0.89        86
           六       0.34      0.66      0.45       125
           其       0.00      0.00      0.00       264
           内       0.41      0.65      0.50       102
           出       0.32      0.84      0.47       344
           分       0.33      0.45      0.38       102
           切       0.96      0.25      0.40       103
           前       0.47      0.12      0.19       172
           十       0.99      0.66      0.79       175
           卵       0.00      0.00      0.00        57
           又       0.74      0.96      0.83       456
           及       0.18      0.97      0.30        74
           取       1.00      0.03      0.05       108
           口       0.93      0.29      0.44       128
           古       0.00      0.00      0.00        62
           右       0.62      0.44      0.52       116
           合       0.92      0.12      0.20       191
           吉       0.89      0.31      0.46       156
           同       0.90      0.34      0.50       183
           名       0.47      0.37      0.41       128
           味       0.67      0.89      0.76       101
           和       0.89      0.26      0.41        95
           四       1.00      0.21      0.35       135
           国       0.35      0.90      0.50       204
           國       0.00      0.00      0.00        76
           土       0.75      0.04      0.08        72
           塩       0.12      0.86      0.21        63
           外       1.00      0.01      0.02        84
           夜       0.00      0.00      0.00       105
           大       0.99      0.23      0.37       309
           天       0.50      0.01      0.02        81
           太       0.00      0.00      0.00        66
           夫       0.75      0.24      0.37        86
           女       0.72      0.83      0.77       222
           子       0.54      0.79      0.64       326
           家       1.00      0.01      0.02       117
           小       0.99      0.35      0.52       271
           少       1.00      0.19      0.31        54
           居       1.00      0.17      0.29       117
           屋       1.00      0.22      0.37        76
           山       0.99      0.48      0.64       170
           州       1.00      0.04      0.07       129
           左       1.00      0.12      0.21        69
           平       0.24      0.16      0.19        64
           年       0.00      0.00      0.00        94
           引       1.00      0.64      0.78        88
           後       1.00      0.14      0.25       114
           御       0.98      0.41      0.58       191
           心       0.14      0.95      0.25       176
           思       0.91      0.30      0.45        98
           成       0.00      0.00      0.00        57
           我       1.00      0.06      0.11        70
           或       0.00      0.00      0.00        62
           戸       0.42      0.77      0.54       113
           所       0.69      0.28      0.40       206
           手       0.83      0.03      0.06       168
           方       0.87      0.47      0.61       262
           日       1.00      0.22      0.36       309
           明       0.00      0.00      0.00        51
           春       1.00      0.01      0.02       124
           是       0.94      0.27      0.42       241
           時       1.00      0.40      0.58       203
           書       0.00      0.00      0.00        70
           月       0.93      0.36      0.52       143
           有       0.00      0.00      0.00       176
           木       0.00      0.00      0.00        99
           本       0.00      0.00      0.00        77
           来       0.00      0.00      0.00        70
           東       0.00      0.00      0.00       131
           桑       1.00      0.11      0.20        82
           様       0.46      0.04      0.07       159
           此       0.99      0.61      0.76       294
           気       1.00      0.11      0.19        75
           水       0.25      0.59      0.35       169
           汁       1.00      0.34      0.50       176
           江       0.99      0.60      0.75       120
           治       0.00      0.00      0.00        80
           火       0.71      0.32      0.44        62
           焼       0.91      0.44      0.59        66
           煮       0.02      1.00      0.03        74
           物       1.00      0.11      0.20       349
           玉       0.00      0.00      0.00        60
           理       0.19      0.69      0.29        72
           生       0.74      0.49      0.59       136
           用       0.00      0.00      0.00        86
           田       1.00      0.02      0.03        63
           申       1.00      0.25      0.40       138
           男       0.67      0.21      0.32        67
           白       0.91      0.18      0.29       114
           目       0.00      0.00      0.00        98
           神       0.40      0.59      0.48        79
           私       0.00      0.00      0.00        65
           程       0.00      0.00      0.00        62
           種       0.80      0.05      0.10        73
           立       1.00      0.12      0.22       141
           第       0.00      0.00      0.00        66
           紙       0.92      0.15      0.26        73
           給       1.00      0.03      0.07       145
           置       0.00      0.00      0.00        99
           者       0.00      0.00      0.00        70
           聞       0.00      0.00      0.00        99
           色       0.00      0.00      0.00       100
           花       0.00      0.00      0.00       121
           茶       0.00      0.00      0.00        81
           草       0.00      0.00      0.00        64
           葉       0.68      0.21      0.32        90
           蚕       0.87      0.68      0.77       149
           行       0.15      0.75      0.26        73
           西       1.00      0.01      0.02        97
           見       1.00      0.09      0.16       334
           言       0.56      0.20      0.29       153
           語       0.00      0.00      0.00        69
           身       0.91      0.12      0.22       172
           通       0.00      0.00      0.00        62
           道       0.00      0.00      0.00        79
           郎       0.00      0.00      0.00        62
           部       0.00      0.00      0.00        58
           酒       0.00      0.00      0.00       123
           野       0.00      0.00      0.00        92
           金       1.00      0.12      0.21        67
           長       0.02      0.81      0.04        72
           間       0.00      0.00      0.00        76
           風       0.93      0.51      0.66       127
           食       0.00      0.00      0.00        82
           魚       0.82      0.18      0.30        76
           鳥       0.08      0.01      0.02        87

    accuracy                           0.37     21180
   macro avg       0.55      0.28      0.28     21180
weighted avg       0.66      0.37      0.38     21180
